 
1 1 0.99996134754
1 2 -4.93038065763e-32
1 3 0.0
1 4 9.86076131526e-32
1 5 0.0
1 6 -1.47911419729e-31
1 7 0.0
1 8 2.95822839458e-31
1 9 0.0
1 10 4.93038065763e-32
1 11 0.0
1 12 -9.86076131526e-32
1 13 0.0
1 14 -4.93038065763e-32
1 15 0.0
1 16 9.86076131526e-32
 
2 1 4.93038065763e-32
2 2 0.999983738382
2 3 -3.36495393287e-31
2 4 -4.02154270301e-26
2 5 1.47911419729e-31
2 6 -1.53459188818e-20
2 7 -7.48188351392e-31
2 8 -3.36460693392e-41
2 9 -4.93038065763e-32
2 10 3.77474293781e-15
2 11 1.00181628241e-15
2 12 -6.6649450771e-41
2 13 4.93038065763e-32
2 14 1.53459188818e-20
2 15 6.98884544816e-31
2 16 2.21018411061e-32
 
3 1 0.0
3 2 -3.45126646034e-31
3 3 1.0000196133
3 4 1.97215226305e-31
3 5 0.0
3 6 -7.39557098645e-31
3 7 0.0
3 8 7.91464116527e-22
3 9 0.0
3 10 1.00181628241e-15
3 11 0.0
3 12 -1.44010932303e-15
3 13 0.0
3 14 7.88860905221e-31
3 15 0.0
3 16 -9.3677232495e-31
 
4 1 -9.86076131526e-32
4 2 -4.02154270301e-26
4 3 2.18706408192e-31
4 4 0.999983738382
4 5 -2.95822839458e-31
4 6 -3.36460693392e-41
4 7 7.91464116506e-22
4 8 -1.53459188818e-20
4 9 9.86076131526e-32
4 10 -6.6649450771e-41
4 11 -1.44010932303e-15
4 12 3.77474293781e-15
4 13 -9.86076131526e-32
4 14 2.21018411061e-32
4 15 -1.01388875622e-30
4 16 1.53459188818e-20
 
5 1 0.0
5 2 -1.47911419729e-31
5 3 0.0
5 4 2.95822839458e-31
5 5 0.99996134754
5 6 -4.93038065763e-32
5 7 0.0
5 8 9.86076131526e-32
5 9 0.0
5 10 -4.93038065763e-32
5 11 0.0
5 12 9.86076131526e-32
5 13 0.0
5 14 4.93038065763e-32
5 15 0.0
5 16 -9.86076131526e-32
 
6 1 1.47911419729e-31
6 2 -1.53459188818e-20
6 3 -7.48188351392e-31
6 4 -3.36460693392e-41
6 5 4.93038065763e-32
6 6 0.999983738382
6 7 -3.36495393287e-31
6 8 -4.02154270301e-26
6 9 4.93038065763e-32
6 10 1.53459188818e-20
6 11 6.98884544816e-31
6 12 2.21018411061e-32
6 13 -4.93038065763e-32
6 14 3.77474293781e-15
6 15 1.00181628241e-15
6 16 -6.6649450771e-41
 
7 1 0.0
7 2 -7.39557098645e-31
7 3 0.0
7 4 7.91464116527e-22
7 5 0.0
7 6 -3.45126646034e-31
7 7 1.0000196133
7 8 1.97215226305e-31
7 9 0.0
7 10 7.88860905221e-31
7 11 0.0
7 12 -9.3677232495e-31
7 13 0.0
7 14 1.00181628241e-15
7 15 0.0
7 16 -1.44010932303e-15
 
8 1 -2.95822839458e-31
8 2 -3.36460693392e-41
8 3 7.91464116506e-22
8 4 -1.53459188818e-20
8 5 -9.86076131526e-32
8 6 -4.02154270301e-26
8 7 2.18706408192e-31
8 8 0.999983738382
8 9 -9.86076131526e-32
8 10 2.21018411061e-32
8 11 -1.01388875622e-30
8 12 1.53459188818e-20
8 13 9.86076131526e-32
8 14 -6.6649450771e-41
8 15 -1.44010932303e-15
8 16 3.77474293781e-15
 
9 1 0.0
9 2 4.93038065763e-32
9 3 0.0
9 4 -9.86076131526e-32
9 5 0.0
9 6 -4.93038065763e-32
9 7 0.0
9 8 9.86076131526e-32
9 9 0.99996134754
9 10 -4.93038065763e-32
9 11 0.0
9 12 9.86076131526e-32
9 13 0.0
9 14 -1.47911419729e-31
9 15 0.0
9 16 2.95822839458e-31
 
10 1 -4.93038065763e-32
10 2 3.77474293781e-15
10 3 1.00181628241e-15
10 4 -6.6649450771e-41
10 5 4.93038065763e-32
10 6 1.53459188818e-20
10 7 6.98884544816e-31
10 8 2.21018411061e-32
10 9 4.93038065763e-32
10 10 0.999983738382
10 11 -3.36495393287e-31
10 12 -4.02154270301e-26
10 13 1.47911419729e-31
10 14 -1.53459188818e-20
10 15 -7.48188351392e-31
10 16 -3.36460693392e-41
 
11 1 0.0
11 2 1.00181628241e-15
11 3 0.0
11 4 -1.44010932303e-15
11 5 0.0
11 6 7.88860905221e-31
11 7 0.0
11 8 -9.3677232495e-31
11 9 0.0
11 10 -3.45126646034e-31
11 11 1.0000196133
11 12 1.97215226305e-31
11 13 0.0
11 14 -7.39557098645e-31
11 15 0.0
11 16 7.91464116527e-22
 
12 1 9.86076131526e-32
12 2 -6.6649450771e-41
12 3 -1.44010932303e-15
12 4 3.77474293781e-15
12 5 -9.86076131526e-32
12 6 2.21018411061e-32
12 7 -1.01388875622e-30
12 8 1.53459188818e-20
12 9 -9.86076131526e-32
12 10 -4.02154270301e-26
12 11 2.18706408192e-31
12 12 0.999983738382
12 13 -2.95822839458e-31
12 14 -3.36460693392e-41
12 15 7.91464116506e-22
12 16 -1.53459188818e-20
 
13 1 0.0
13 2 -4.93038065763e-32
13 3 0.0
13 4 9.86076131526e-32
13 5 0.0
13 6 4.93038065763e-32
13 7 0.0
13 8 -9.86076131526e-32
13 9 0.0
13 10 -1.47911419729e-31
13 11 0.0
13 12 2.95822839458e-31
13 13 0.99996134754
13 14 -4.93038065763e-32
13 15 0.0
13 16 9.86076131526e-32
 
14 1 4.93038065763e-32
14 2 1.53459188818e-20
14 3 6.98884544816e-31
14 4 2.21018411061e-32
14 5 -4.93038065763e-32
14 6 3.77474293781e-15
14 7 1.00181628241e-15
14 8 -6.6649450771e-41
14 9 1.47911419729e-31
14 10 -1.53459188818e-20
14 11 -7.48188351392e-31
14 12 -3.36460693392e-41
14 13 4.93038065763e-32
14 14 0.999983738382
14 15 -3.36495393287e-31
14 16 -4.02154270301e-26
 
15 1 0.0
15 2 7.88860905221e-31
15 3 0.0
15 4 -9.3677232495e-31
15 5 0.0
15 6 1.00181628241e-15
15 7 0.0
15 8 -1.44010932303e-15
15 9 0.0
15 10 -7.39557098645e-31
15 11 0.0
15 12 7.91464116527e-22
15 13 0.0
15 14 -3.45126646034e-31
15 15 1.0000196133
15 16 1.97215226305e-31
 
16 1 -9.86076131526e-32
16 2 2.21018411061e-32
16 3 -1.01388875622e-30
16 4 1.53459188818e-20
16 5 9.86076131526e-32
16 6 -6.6649450771e-41
16 7 -1.44010932303e-15
16 8 3.77474293781e-15
16 9 -2.95822839458e-31
16 10 -3.36460693392e-41
16 11 7.91464116506e-22
16 12 -1.53459188818e-20
16 13 -9.86076131526e-32
16 14 -4.02154270301e-26
16 15 2.18706408192e-31
16 16 0.999983738382
